FrameNum MouseNum LeftX LeftY RightX RightY MouseAngle MouseX MouseY   
3005 1 0 0 0 0 155 112 215 
3006 1 0 0 0 0 156 112 215 
3007 1 0 0 75 139 156 112 199 
3008 1 80 118 68 135 154 111 169 
3009 1 77 114 62 136 154 112 171 
3010 1 75 114 63 137 155 112 171 
3011 1 76 113 63 135 155 111 171 
3012 1 75 113 64 134 153 111 171 
3013 1 72 117 62 136 153 111 170 
3014 1 70 118 61 138 153 111 169 
3015 1 71 117 62 138 154 111 169 
3016 1 72 117 62 139 154 111 168 
3017 1 75 116 64 139 153 111 169 
3018 1 75 117 65 139 153 110 167 
3019 1 76 118 67 138 153 111 168 
3020 1 77 115 68 138 154 110 168 
3021 1 75 116 70 135 155 111 170 
3022 1 75 116 66 136 154 111 169 
3023 1 73 118 64 138 154 111 168 
3024 1 75 119 64 139 154 111 168 
3025 1 77 118 64 141 154 110 167 
3026 1 80 118 63 143 154 110 166 
3027 1 80 116 64 142 154 110 166 
3028 1 77 118 62 140 154 110 167 
3029 1 77 119 63 138 154 110 167 
3030 1 77 117 59 139 154 110 168 
3031 1 76 118 57 137 154 110 169 
3032 1 74 118 56 140 152 110 167 
3033 1 73 120 56 140 152 109 166 
3034 1 75 121 55 143 153 109 165 
3035 1 76 121 57 145 153 109 164 
3036 1 76 121 59 145 154 109 164 
3037 1 77 121 62 144 154 111 166 
3038 1 78 121 59 145 155 110 165 
3039 1 78 120 61 141 155 110 166 
3040 1 78 121 59 140 154 110 166 
3041 1 78 120 60 140 154 110 166 
3042 1 78 121 61 141 154 110 166 
3043 1 79 121 59 141 153 110 165 
3044 1 80 120 59 142 153 109 165 
3045 1 82 118 59 145 153 109 165 
3046 1 82 120 61 142 154 109 165 
3047 1 80 121 62 141 154 109 165 
3048 1 81 119 59 134 153 110 169 
3049 1 79 121 58 133 154 109 168 
3050 1 80 121 56 134 153 110 168 
3051 1 79 121 56 134 152 110 168 
3052 1 73 123 52 137 150 109 166 
3053 1 73 122 52 138 150 109 166 
3054 1 74 121 52 137 151 109 167 
3055 1 77 119 53 137 151 108 166 
3056 1 77 117 55 137 153 108 167 
3057 1 78 116 57 137 154 109 168 
3058 1 77 117 58 139 155 109 167 
3059 1 77 119 61 139 155 109 166 
3060 1 79 118 61 141 155 109 166 
3061 1 77 121 59 142 148 109 164 
3062 1 78 120 61 141 148 109 165 
3063 1 80 119 61 141 149 109 165 
3064 1 81 118 62 141 148 109 165 
3065 1 81 117 61 142 150 109 165 
3066 1 79 119 63 141 151 109 165 
3067 1 79 118 62 140 150 109 165 
3068 1 79 117 64 141 150 109 165 
3069 1 77 119 61 137 151 109 166 
3070 1 77 118 62 137 149 109 167 
3071 1 75 120 59 141 148 109 165 
3072 1 75 120 58 140 148 109 165 
3073 1 74 119 60 138 148 109 166 
3074 1 75 117 61 138 149 109 167 
3075 1 79 117 62 140 149 109 166 
3076 1 76 117 64 138 149 109 167 
3077 1 76 118 64 138 149 109 166 
3078 1 74 119 61 139 150 109 166 
3079 1 76 119 61 137 150 109 166 
3080 1 77 118 59 136 148 109 167 
3081 1 75 120 57 137 148 109 166 
3082 1 75 121 54 138 147 109 166 
3083 1 75 122 52 137 146 109 166 
3084 1 75 119 54 137 147 109 167 
3085 1 77 119 55 137 147 109 166 
3086 1 76 119 57 137 148 109 166 
3087 1 78 117 62 136 149 109 167 
3088 1 76 118 62 137 149 109 167 
3089 1 76 119 61 137 148 109 166 
3090 1 74 122 62 138 148 109 165 
3091 1 76 118 59 139 148 109 166 
3092 1 75 120 60 140 148 109 165 
3093 1 75 120 58 141 148 109 165 
3094 1 75 119 58 138 148 109 166 
3095 1 75 120 59 138 148 109 166 
3096 1 76 120 59 139 148 108 165 
3097 1 79 118 60 140 148 108 165 
3098 1 79 119 63 137 149 108 165 
3099 1 78 120 64 137 149 108 165 
3100 1 77 121 62 138 149 108 165 
3101 1 77 121 63 139 149 108 164 
3102 1 76 122 61 140 148 108 163 
3103 1 75 123 59 138 148 108 164 
3104 1 74 122 60 138 148 108 164 
3105 1 77 120 61 138 148 108 165 
3106 1 78 120 61 138 148 108 165 
3107 1 78 120 62 139 148 108 164 
3108 1 78 119 63 138 150 108 165 
3109 1 79 118 63 136 150 108 166 
3110 1 79 120 60 135 149 108 166 
3111 1 77 121 60 137 148 108 165 
3112 1 76 122 57 137 148 108 165 
3113 1 73 123 56 138 148 108 165 
3114 1 75 123 54 140 148 108 164 
3115 1 75 121 54 139 148 108 165 
3116 1 77 121 56 139 149 108 165 
3117 1 77 120 56 139 148 108 165 
3118 1 80 119 58 139 149 108 165 
3119 1 79 119 59 137 149 108 165 
3120 1 78 120 58 138 149 108 165 
3121 1 77 119 57 137 149 108 166 
3122 1 76 121 58 138 149 108 165 
3123 1 76 120 61 141 148 108 164 
3124 1 76 120 59 141 148 108 164 
3125 1 74 122 59 140 149 108 164 
3126 1 76 122 60 139 149 108 164 
3127 1 78 119 59 137 149 108 166 
3128 1 78 118 63 137 151 108 166 
3129 1 78 119 64 138 151 109 166 
3130 1 78 119 64 141 152 109 165 
3131 1 78 120 64 140 152 108 164 
3132 1 76 118 63 140 151 108 165 
3133 1 75 121 61 140 150 108 164 
3134 1 74 121 60 142 149 108 164 
3135 1 76 120 59 141 149 108 164 
3136 1 75 117 60 140 149 108 166 
3137 1 77 118 65 140 150 108 165 
3138 1 77 118 65 140 150 108 165 
3139 1 78 118 65 138 151 108 165 
3140 1 77 120 63 140 151 108 164 
3141 1 76 121 62 140 150 108 164 
3142 1 77 122 62 141 150 108 164 
3143 1 76 121 63 139 150 108 164 
3144 1 77 122 60 144 151 108 163 
3145 1 77 122 62 142 152 108 163 
3146 1 78 122 64 141 152 108 164 
3147 1 80 121 63 140 152 107 164 
3148 1 80 120 64 139 152 107 164 
3149 1 81 121 65 139 152 108 164 
3150 1 80 123 65 140 152 108 163 
3151 1 79 122 67 139 152 108 164 
3152 1 80 122 66 140 153 108 163 
3153 1 80 121 65 140 153 107 164 
3154 1 77 122 62 140 152 107 163 
3155 1 78 122 63 141 152 107 163 
3156 1 78 122 63 141 152 107 163 
3157 1 79 120 62 140 152 107 164 
3158 1 77 121 63 140 152 107 164 
3159 1 78 122 61 141 152 108 164 
3160 1 79 124 66 142 153 108 162 
3161 1 78 125 67 141 153 108 162 
3162 1 79 121 65 140 153 108 164 
3163 1 79 124 63 143 152 108 162 
3164 1 76 123 60 144 152 108 163 
3165 1 79 123 62 144 152 108 163 
3166 1 79 123 63 142 152 107 162 
3167 1 78 124 64 144 152 107 161 
3168 1 79 120 64 144 152 107 162 
3169 1 78 121 67 143 153 107 162 
3170 1 78 121 67 143 153 108 163 
3171 1 79 124 65 144 152 108 161 
3172 1 79 124 67 143 153 108 162 
3173 1 78 124 67 141 153 108 163 
3174 1 80 123 66 143 153 108 162 
3175 1 81 121 66 140 154 108 164 
3176 1 81 121 68 140 154 107 163 
3177 1 83 120 65 141 154 107 163 
3178 1 83 120 67 141 154 107 163 
3179 1 84 121 69 140 153 108 164 
3180 1 83 122 69 138 153 108 164 
3181 1 82 123 69 139 153 108 163 
3182 1 80 124 68 140 153 108 163 
3183 1 79 122 68 140 153 108 163 
3184 1 79 123 67 140 154 108 164 
3185 1 79 123 67 142 154 108 163 
3186 1 80 122 68 139 153 107 163 
3187 1 80 121 68 138 154 107 164 
3188 1 82 119 68 138 154 107 165 
3189 1 84 117 70 139 154 108 165 
3190 1 84 119 69 139 154 108 164 
3191 1 82 120 68 138 154 108 165 
3192 1 80 119 68 138 154 108 165 
3193 1 80 117 64 138 152 108 166 
3194 1 78 120 62 142 152 108 164 
3195 1 76 121 62 143 152 108 163 
3196 1 75 121 62 144 151 108 163 
3197 1 77 120 63 142 152 108 164 
3198 1 74 119 65 141 152 108 165 
3199 1 77 116 64 140 153 108 166 
3200 1 76 116 68 138 154 107 166 
3201 1 76 117 68 138 154 107 166 
3202 1 75 118 68 139 153 107 165 
3203 1 74 119 69 139 153 108 165 
3204 1 75 119 67 139 153 108 165 
3205 1 76 119 67 139 153 108 165 
3206 1 72 120 68 140 154 108 165 
3207 1 72 121 68 140 154 108 165 
3208 1 77 117 70 139 154 108 166 
3209 1 78 115 68 139 155 108 166 
3210 1 78 114 68 138 154 108 167 
3211 1 78 114 70 137 154 108 168 
3212 1 78 117 69 138 154 108 166 
3213 1 76 118 68 140 154 108 165 
3214 1 77 120 69 140 154 108 164 
3215 1 75 119 69 138 155 108 166 
3216 1 75 120 68 142 155 108 164 
3217 1 73 122 70 143 155 108 164 
3218 1 70 123 73 138 155 108 165 
3219 1 74 120 76 136 155 108 165 
3220 1 76 119 75 136 155 108 166 
3221 1 75 118 74 135 155 108 167 
3222 1 75 118 68 138 154 108 166 
3223 1 77 117 71 136 155 108 167 
3224 1 74 117 71 136 155 108 167 
3225 1 67 121 73 138 155 108 166 
3226 1 66 123 76 134 155 108 166 
3227 1 70 121 73 136 155 108 166 
3228 1 71 120 73 135 155 108 167 
3229 1 71 120 73 134 155 108 167 
3230 1 71 118 75 133 155 108 168 
3231 1 72 116 75 131 155 108 169 
3232 1 73 116 74 132 155 108 168 
3233 1 73 116 74 132 155 108 168 
3234 1 71 117 72 133 155 108 168 
3235 1 68 116 77 130 155 108 169 
3236 1 68 118 71 133 155 108 168 
3237 1 70 118 69 134 155 108 168 
3238 1 71 118 72 134 155 108 167 
3239 1 72 117 70 134 155 108 168 
3240 1 74 116 73 133 155 107 168 
3241 1 73 116 75 132 155 107 168 
3242 1 74 116 76 131 155 107 168 
3243 1 72 116 76 129 155 107 169 
3244 1 71 116 77 129 155 107 169 
3245 1 71 118 75 131 155 107 168 
3246 1 71 118 76 131 155 107 168 
3247 1 72 118 74 133 155 107 167 
3248 1 72 119 74 132 155 107 167 
3249 1 73 118 75 132 155 107 167 
3250 1 76 116 74 133 155 107 168 
3251 1 77 116 81 130 155 107 168 
3252 1 77 115 84 129 155 107 168 
3253 1 75 115 83 127 156 107 169 
3254 1 74 117 74 129 159 107 169 
3255 1 72 118 73 132 159 107 168 
3256 1 71 117 70 135 158 107 167 
3257 1 72 118 68 135 158 107 167 
3258 1 71 117 69 135 158 107 167 
3259 1 71 117 71 136 158 108 168 
3260 1 74 117 72 136 158 107 167 
3261 1 74 117 70 137 159 107 167 
3262 1 74 118 76 134 158 107 167 
3263 1 74 119 75 135 158 107 166 
3264 1 74 115 73 132 158 107 169 
3265 1 73 118 71 134 158 107 167 
3266 1 72 119 69 134 158 107 167 
3267 1 71 120 71 136 158 107 166 
3268 1 73 120 70 135 158 107 167 
3269 1 74 119 72 135 158 107 166 
3270 1 74 118 71 135 158 106 166 
3271 1 74 117 77 133 158 106 167 
3272 1 77 115 71 132 158 106 168 
3273 1 76 116 78 134 158 106 166 
3274 1 76 115 73 133 158 107 168 
3275 1 74 116 72 133 158 107 168 
3276 1 74 116 71 133 158 107 168 
3277 1 74 116 70 132 158 107 168 
3278 1 74 117 72 132 158 107 168 
3279 1 75 115 75 133 158 107 168 
3280 1 77 114 81 131 158 107 169 
3281 1 78 113 78 133 158 107 168 
3282 1 80 113 77 132 158 106 168 
3283 1 74 115 78 132 158 106 168 
3284 1 75 112 77 132 158 107 169 
3285 1 73 115 78 133 158 107 168 
3286 1 73 114 74 131 158 107 169 
3287 1 73 115 72 133 158 107 168 
3288 1 71 116 71 133 158 107 168 
3289 1 70 116 72 135 159 106 167 
3290 1 71 118 73 135 160 106 167 
3291 1 74 115 73 135 160 107 168 
3292 1 75 115 75 135 159 107 167 
3293 1 76 114 77 134 159 107 168 
3294 1 76 115 77 132 159 107 169 
3295 1 74 116 75 134 159 107 168 
3296 1 74 115 73 133 159 107 168 
3297 1 76 113 72 132 159 108 170 
3298 1 75 116 71 134 159 108 168 
3299 1 76 117 70 136 159 108 168 
3300 1 72 118 73 135 159 108 168 
3301 1 71 117 73 136 159 108 168 
3302 1 73 117 73 136 159 108 168 
3303 1 73 116 76 134 159 108 168 
3304 1 74 116 76 134 159 106 167 
3305 1 73 117 75 132 159 106 168 
3306 1 71 116 74 133 159 107 168 
3307 1 70 119 75 134 159 107 167 
3308 1 71 118 74 137 159 108 167 
3309 1 72 119 75 136 159 108 167 
3310 1 74 118 75 137 159 107 166 
3311 1 74 117 75 136 159 107 167 
3312 1 75 116 77 134 159 107 167 
3313 1 75 116 77 132 159 107 168 
3314 1 76 115 78 130 159 107 169 
3315 1 74 116 77 131 156 107 168 
3316 1 73 116 77 131 159 107 169 
3317 1 75 116 76 132 159 106 167 
3318 1 74 117 73 132 158 108 169 
3319 1 74 117 74 133 159 108 168 
3320 1 77 117 75 133 159 108 168 
3321 1 79 116 74 134 157 108 168 
3322 1 79 117 74 133 156 108 168 
3323 1 80 116 74 133 156 108 168 
3324 1 78 116 75 132 156 108 168 
3325 1 76 117 75 132 155 108 168 
3326 1 77 117 74 132 155 108 168 
3327 1 78 116 74 133 158 108 168 
3328 1 75 116 77 134 159 108 168 
3329 1 74 117 76 134 159 108 168 
3330 1 75 117 72 136 159 108 168 
3331 1 76 116 73 137 159 108 168 
3332 1 74 118 72 137 159 108 167 
3333 1 77 116 76 133 159 108 169 
3334 1 77 117 76 133 159 107 167 
3335 1 78 117 76 133 156 107 167 
3336 1 75 116 76 133 159 108 169 
3337 1 75 116 76 134 159 108 168 
3338 1 76 116 75 134 159 107 167 
3339 1 73 116 74 134 159 107 168 
3340 1 74 116 74 134 159 107 168 
3341 1 76 117 74 136 159 107 167 
3342 1 77 115 73 136 159 106 167 
3343 1 78 114 76 130 159 106 168 
3344 1 76 114 72 132 159 106 168 
3345 1 76 114 80 128 159 106 169 
3346 1 75 114 79 127 159 106 170 
3347 1 76 113 79 127 159 107 170 
3348 1 78 112 77 129 159 107 170 
3349 1 79 113 79 129 159 107 170 
3350 1 78 114 80 130 159 107 169 
3351 1 81 114 75 131 159 106 168 
3352 1 81 114 73 130 159 106 168 
3353 1 82 113 72 131 159 106 168 
3354 1 80 116 82 130 159 106 167 
3355 1 78 116 77 128 159 106 168 
3356 1 78 116 77 129 159 106 168 
3357 1 77 115 74 128 159 106 169 
3358 1 76 115 74 130 159 107 169 
3359 1 79 115 75 129 159 107 169 
3360 1 80 116 77 130 159 107 168 
3361 1 81 113 76 132 159 107 169 
3362 1 82 114 75 131 159 107 169 
3363 1 82 116 73 131 157 107 168 
3364 1 80 116 74 131 157 107 168 
3365 1 77 117 73 130 160 107 169 
3366 1 77 116 75 130 160 107 169 
3367 1 72 110 75 130 160 107 171 
3368 1 75 113 76 131 160 107 169 
3369 1 76 115 72 133 160 107 168 
3370 1 77 115 74 132 160 108 169 
3371 1 76 117 75 133 160 108 168 
3372 1 74 115 76 134 160 107 168 
3373 1 75 116 71 136 160 107 167 
3374 1 76 116 71 135 158 107 168 
3375 1 75 116 72 135 157 108 168 
3376 1 77 116 76 132 160 108 169 
3377 1 75 116 77 131 158 108 169 
3378 1 77 113 79 131 160 108 170 
3379 1 75 114 81 125 160 107 171 
3380 1 75 113 75 125 159 106 171 
3381 1 76 112 78 125 160 107 172 
3382 1 77 113 77 129 160 106 169 
3383 1 76 113 79 129 159 106 169 
3384 1 79 110 84 128 159 106 170 
3385 1 77 111 84 127 157 106 170 
3386 1 77 109 78 125 157 106 172 
3387 1 76 111 77 126 158 106 171 
3388 1 76 112 73 127 157 106 171 
3389 1 76 112 73 129 159 106 170 
3390 1 75 112 75 128 160 106 170 
3391 1 79 110 75 127 160 106 171 
3392 1 79 112 73 130 160 106 169 
3393 1 81 111 75 130 158 106 170 
3394 1 82 112 79 128 158 106 169 
3395 1 81 112 79 130 159 106 169 
3396 1 81 110 75 128 158 106 170 
3397 1 80 112 75 129 156 106 169 
3398 1 78 112 74 129 156 107 170 
3399 1 79 109 72 126 159 107 173 
3400 1 80 108 78 127 159 107 172 
3401 1 81 108 77 126 158 107 172 
3402 1 81 109 75 126 159 107 172 
3403 1 79 110 73 127 159 107 172 
3404 1 80 110 70 128 159 107 171 
3405 1 80 108 71 127 159 106 172 
3406 1 79 108 72 128 158 107 172 
3407 1 79 108 71 127 159 108 173 
3408 1 78 107 72 126 159 108 174 
3409 1 79 104 69 125 160 107 175 
3410 1 79 106 71 126 160 107 173 
3411 1 79 106 70 129 160 107 173 
3412 1 79 107 71 128 159 107 173 
3413 1 77 107 71 128 160 107 173 
3414 1 79 108 73 129 160 107 172 
3415 1 79 107 72 130 158 107 172 
3416 1 80 106 75 128 157 106 172 
3417 1 79 108 74 129 158 106 171 
3418 1 80 106 74 128 158 106 172 
3419 1 78 106 75 127 158 107 173 
3420 1 77 106 75 129 157 107 172 
3421 1 73 107 73 132 158 107 171 
3422 1 74 109 71 134 158 107 170 
3423 1 71 108 71 134 159 107 170 
3424 1 73 108 73 134 159 107 170 
3425 1 75 110 74 136 159 107 169 
3426 1 70 111 75 137 159 107 168 
3427 1 72 111 73 136 159 107 169 
3428 1 71 112 73 136 159 107 168 
3429 1 69 112 73 136 159 107 169 
3430 1 68 115 75 135 159 107 168 
3431 1 70 114 72 133 159 107 169 
3432 1 66 118 66 138 157 107 167 
3433 1 69 120 64 138 157 107 166 
3434 1 65 121 64 138 155 107 166 
3435 1 65 120 64 138 155 107 166 
3436 1 65 120 64 140 156 107 165 
3437 1 72 119 64 142 158 106 165 
3438 1 79 115 63 141 158 106 165 
3439 1 80 112 63 143 158 106 166 
3440 1 76 116 62 141 157 106 165 
3441 1 70 124 58 139 158 106 165 
3442 1 68 128 73 138 159 107 163 
3443 1 70 128 0 0 159 107 199 
3444 1 69 129 52 142 159 107 164 
3445 1 70 131 58 142 159 107 163 
3446 1 74 127 56 142 159 106 163 
3447 1 76 125 59 143 157 107 163 
3448 1 78 120 64 142 159 107 164 
3449 1 76 119 66 141 159 107 165 
3450 1 74 117 65 141 159 106 165 
3451 1 70 126 73 139 158 106 163 
3452 1 70 127 75 140 158 106 162 
3453 1 73 126 75 140 158 106 162 
3454 1 70 129 75 142 158 106 161 
3455 1 70 127 75 143 157 106 161 
3456 1 71 127 74 143 157 106 161 
3457 1 73 125 76 143 157 106 161 
3458 1 75 124 77 143 157 106 161 
3459 1 76 122 73 142 157 106 162 
3460 1 70 119 67 143 157 106 164 
3461 1 68 125 72 144 157 106 162 
3462 1 70 130 75 142 157 106 160 
3463 1 70 131 77 143 157 106 159 
3464 1 72 126 77 144 157 106 160 
3465 1 75 127 79 145 157 106 159 
3466 1 74 127 69 148 157 106 160 
3467 1 76 127 65 151 157 107 159 
3468 1 78 123 63 147 157 107 162 
3469 1 77 123 64 150 157 107 161 
3470 1 77 122 64 148 157 107 162 
3471 1 72 121 67 140 157 106 164 
3472 1 74 124 69 143 157 106 162 
3473 1 72 126 64 148 157 106 160 
3474 1 72 128 63 147 157 106 160 
3475 1 71 129 59 149 157 106 160 
3476 1 69 129 75 141 157 106 161 
3477 1 71 129 62 146 157 107 161 
3478 1 70 127 65 145 157 107 162 
3479 1 73 126 66 144 157 107 162 
3480 1 73 124 65 142 157 107 163 
3481 1 74 124 65 143 157 108 164 
3482 1 75 124 65 143 157 108 163 
3483 1 77 123 65 145 157 108 163 
3484 1 73 131 0 0 158 108 199 
3485 1 74 130 79 144 158 108 160 
3486 1 74 127 79 145 158 107 160 
3487 1 74 127 82 139 158 107 161 
3488 1 73 126 84 136 158 107 163 
3489 1 74 129 85 137 158 107 161 
3490 1 73 129 87 139 157 108 161 
3491 1 73 130 88 135 157 108 162 
3492 1 72 131 0 0 157 109 199 
3493 1 74 129 89 133 158 109 164 
3494 1 74 126 84 135 158 109 165 
3495 1 74 126 83 135 158 108 164 
3496 1 74 125 82 136 158 108 164 
3497 1 76 124 82 138 158 109 164 
3498 1 76 125 84 137 158 109 164 
3499 1 73 127 83 137 158 108 163 
3500 1 75 127 85 137 158 109 163 
3501 1 72 132 86 136 158 109 162 
3502 1 73 129 87 135 158 109 163 
3503 1 72 131 85 136 159 109 163 
3504 1 72 126 85 133 159 109 166 
3505 1 72 126 84 133 159 109 166 
3506 1 70 130 82 134 159 108 163 
3507 1 70 129 84 133 159 109 164 
3508 1 71 129 83 137 159 109 163 
3509 1 73 127 84 135 159 109 164 
3510 1 72 129 84 134 159 109 164 
3511 1 72 129 0 0 159 109 200 
3512 1 71 131 85 133 159 109 164 
3513 1 72 129 86 132 159 109 165 
3514 1 70 127 86 132 159 108 165 
3515 1 68 131 83 134 159 107 163 
3516 1 67 132 82 135 159 107 162 
3517 1 68 130 81 134 159 107 163 
3518 1 68 130 82 135 159 108 164 
3519 1 70 130 83 135 159 108 163 
3520 1 71 128 82 136 159 107 163 
3521 1 69 130 84 136 159 107 162 
3522 1 71 129 85 136 159 107 162 
3523 1 73 126 84 142 159 106 160 
3524 1 74 128 82 140 160 106 161 
3525 1 71 129 79 142 160 106 161 
3526 1 71 128 76 145 160 107 161 
3527 1 75 126 76 145 160 107 161 
3528 1 76 126 77 145 160 108 162 
3529 1 75 126 79 147 160 109 161 
3530 1 77 123 80 145 160 110 163 
3531 1 78 122 81 145 160 110 164 
3532 1 78 125 79 148 160 110 162 
3533 1 79 121 78 145 160 110 164 
3534 1 74 122 75 142 160 111 166 
3535 1 75 123 75 145 160 111 164 
3536 1 80 120 74 146 160 111 165 
3537 1 77 123 75 145 160 110 164 
3538 1 76 126 75 146 160 110 162 
3539 1 82 125 73 147 160 110 162 
3540 1 78 126 74 147 160 110 162 
3541 1 78 125 74 147 160 110 162 
3542 1 81 124 76 145 160 110 163 
3543 1 78 127 74 145 160 110 162 
3544 1 78 125 71 145 160 110 163 
3545 1 78 125 77 147 160 110 162 
3546 1 80 121 77 143 160 110 164 
3547 1 81 120 77 141 160 110 166 
3548 1 80 120 76 141 160 110 166 
3549 1 81 122 79 142 159 109 163 
3550 1 80 124 80 141 159 109 163 
3551 1 83 119 83 137 159 109 165 
3552 1 80 123 81 138 159 109 165 
3553 1 80 121 78 140 159 110 165 
3554 1 81 121 81 138 159 110 166 
3555 1 78 125 83 137 159 110 165 
3556 1 80 121 81 138 159 110 166 
3557 1 79 123 81 137 159 110 165 
3558 1 79 123 84 136 159 110 166 
3559 1 79 121 86 135 159 110 166 
3560 1 77 120 88 133 159 110 168 
3561 1 75 125 90 133 159 109 165 
3562 1 74 125 90 132 159 109 166 
3563 1 72 127 90 131 159 110 166 
3564 1 71 125 90 133 159 110 166 
3565 1 74 124 87 135 159 110 166 
3566 1 73 124 81 135 159 110 166 
3567 1 82 115 76 141 159 110 167 
3568 1 85 115 75 140 159 109 167 
3569 1 84 115 75 140 159 110 168 
3570 1 85 118 75 140 159 110 166 
3571 1 84 121 75 141 159 110 165 
3572 1 82 124 76 142 159 110 163 
3573 1 81 123 78 141 159 110 164 
3574 1 82 123 79 142 159 111 165 
3575 1 83 122 77 139 159 111 166 
3576 1 81 118 81 139 159 111 167 
3577 1 82 116 80 136 159 111 169 
3578 1 80 117 79 136 159 111 169 
3579 1 79 119 78 136 159 111 168 
3580 1 80 117 80 136 159 112 169 
3581 1 80 119 80 135 159 112 169 
3582 1 81 120 80 137 159 112 168 
3583 1 81 119 81 136 159 112 169 
3584 1 77 122 85 133 159 113 169 
3585 1 79 120 81 136 159 113 169 
3586 1 79 119 78 139 160 113 168 
3587 1 79 120 77 139 160 112 168 
3588 1 78 123 80 141 160 112 166 
3589 1 78 125 81 140 160 112 166 
3590 1 78 123 82 141 159 112 165 
3591 1 78 123 82 141 159 111 165 
3592 1 76 124 85 137 159 111 166 
3593 1 78 121 84 137 159 111 167 
3594 1 82 117 86 136 159 112 169 
3595 1 84 115 85 137 159 112 169 
3596 1 82 118 85 136 159 112 168 
3597 1 83 120 85 140 159 112 166 
3598 1 84 118 86 141 159 112 167 
3599 1 82 124 86 142 160 111 163 
3600 1 80 126 85 143 159 111 163 
3601 1 82 124 83 144 159 111 163 
3602 1 82 125 79 148 159 112 163 
3603 1 83 123 80 147 160 112 163 
3604 1 84 119 80 147 160 112 164 
3605 1 84 119 80 145 159 112 165 
3606 1 83 120 79 144 159 112 165 
3607 1 81 124 79 145 159 110 163 
3608 1 75 129 80 144 159 110 162 
3609 1 76 128 76 146 159 110 161 
3610 1 73 128 75 145 159 110 162 
3611 1 71 128 74 144 159 110 163 
3612 1 69 129 78 139 159 110 164 
3613 1 71 129 87 133 159 109 164 
3614 1 72 126 89 132 160 109 165 
3615 1 71 126 86 132 159 109 166 
3616 1 73 117 85 133 159 109 168 
3617 1 72 121 74 137 159 108 166 
3618 1 74 117 75 132 159 109 169 
3619 1 76 113 66 131 159 109 171 
3620 1 74 110 71 129 159 109 173 
3621 1 75 111 74 129 159 109 172 
3622 1 76 109 73 131 159 109 172 
3623 1 79 108 75 132 159 109 172 
3624 1 78 107 77 130 159 110 174 
3625 1 79 109 80 129 158 111 174 
3626 1 79 106 81 128 158 110 174 
3627 1 76 107 78 130 159 110 174 
3628 1 72 109 76 126 159 110 175 
3629 1 72 109 73 124 159 110 176 
3630 1 73 110 75 126 159 110 174 
3631 1 77 111 75 129 159 110 173 
3632 1 78 110 74 128 159 111 174 
3633 1 77 108 76 128 158 110 174 
3634 1 78 110 81 125 158 110 174 
3635 1 77 109 80 124 159 109 175 
3636 1 74 103 77 122 159 110 178 
3637 1 73 106 73 121 159 110 178 
3638 1 77 106 71 123 160 110 177 
3639 1 77 106 74 124 160 110 176 
3640 1 80 108 71 126 160 111 175 
3641 1 80 107 70 125 160 111 176 
3642 1 81 107 73 125 160 109 175 
3643 1 81 105 74 125 160 109 175 
3644 1 80 106 74 125 160 108 175 
3645 1 81 105 74 125 160 108 175 
3646 1 79 104 78 124 160 108 175 
3647 1 78 102 76 123 160 108 177 
3648 1 79 105 75 125 159 108 175 
3649 1 79 105 72 126 159 108 175 
3650 1 79 106 74 125 159 108 175 
3651 1 80 108 74 126 158 108 173 
3652 1 80 109 74 127 158 108 172 
3653 1 81 109 74 128 158 108 172 
3654 1 79 107 75 125 158 108 174 
3655 1 80 107 75 126 159 108 174 
3656 1 79 108 75 126 158 108 173 
3657 1 80 106 77 126 157 109 174 
3658 1 80 108 76 126 157 109 174 
3659 1 81 107 76 126 156 109 174 
3660 1 81 106 73 126 156 109 174 
3661 1 78 109 73 127 157 109 173 
3662 1 78 107 72 127 157 109 174 
3663 1 78 106 72 127 157 108 174 
3664 1 79 105 73 124 158 108 175 
3665 1 78 107 71 125 158 108 174 
3666 1 80 106 72 125 159 108 175 
3667 1 79 107 73 124 158 108 175 
3668 1 80 108 70 126 158 107 173 
3669 1 80 108 70 128 158 107 172 
3670 1 78 107 71 128 157 108 173 
3671 1 78 108 72 130 156 108 172 
3672 1 78 107 71 130 156 108 173 
3673 1 78 107 70 130 157 108 173 
3674 1 78 107 69 130 157 108 173 
3675 1 79 108 76 130 158 108 172 
3676 1 78 107 78 129 159 108 172 
3677 1 78 107 77 128 159 108 173 
3678 1 80 108 77 128 159 108 172 
3679 1 79 107 76 128 159 108 173 
3680 1 80 109 77 128 158 108 172 
3681 1 80 110 81 131 158 108 171 
3682 1 79 110 78 129 158 108 172 
3683 1 78 109 78 128 158 108 172 
3684 1 78 108 72 124 158 108 174 
3685 1 78 107 73 123 159 108 175 
3686 1 77 107 73 128 159 108 173 
3687 1 81 109 72 130 159 108 172 
3688 1 82 109 73 130 158 108 172 
3689 1 82 109 75 131 158 108 171 
3690 1 81 108 73 130 158 108 172 
3691 1 80 107 73 131 158 108 172 
3692 1 81 108 72 131 157 108 172 
3693 1 78 108 70 127 158 108 173 
3694 1 77 108 70 127 158 108 173 
3695 1 76 108 68 127 158 108 174 
3696 1 77 108 68 127 160 108 174 
3697 1 76 108 73 130 160 108 172 
3698 1 80 108 74 130 158 108 172 
3699 1 82 108 76 128 158 108 172 
3700 1 79 109 70 127 158 108 173 
3701 1 82 108 70 127 157 108 173 
3702 1 80 109 75 128 156 108 172 
3703 1 77 109 77 129 156 108 172 
3704 1 77 108 74 127 157 108 173 
3705 1 79 109 73 127 157 108 172 
3706 1 78 108 76 127 159 108 173 
3707 1 78 108 74 127 159 108 173 
3708 1 82 107 73 130 159 108 173 
3709 1 83 107 74 128 157 108 173 
3710 1 84 108 74 129 158 108 172 
3711 1 83 108 75 129 158 108 172 
3712 1 82 109 75 129 156 107 171 
3713 1 81 110 74 130 156 108 171 
3714 1 80 108 73 128 158 108 173 
3715 1 80 108 71 128 158 108 173 
3716 1 80 108 72 127 157 108 173 
3717 1 79 107 69 127 158 108 173 
3718 1 82 107 72 128 158 107 172 
3719 1 81 107 75 129 158 107 172 
3720 1 83 106 72 128 158 108 173 
3721 1 82 107 72 129 156 108 172 
3722 1 82 107 72 130 158 108 172 
3723 1 82 108 72 130 157 108 172 
3724 1 82 108 74 129 157 107 172 
3725 1 81 108 73 130 158 107 171 
3726 1 81 109 73 130 157 107 171 
3727 1 79 108 71 131 157 107 171 
3728 1 81 109 69 134 157 107 170 
3729 1 81 109 67 136 156 107 169 
3730 1 81 108 72 133 157 107 170 
3731 1 83 109 74 134 156 108 170 
3732 1 82 107 76 135 156 108 170 
3733 1 80 107 75 136 156 108 170 
3734 1 75 109 74 133 157 107 170 
3735 1 69 112 68 137 157 107 169 
3736 1 70 112 72 133 157 107 170 
3737 1 71 114 69 134 158 107 169 
3738 1 72 114 74 138 157 107 167 
3739 1 72 113 75 138 158 107 168 
3740 1 74 114 76 138 158 107 167 
3741 1 75 111 77 137 157 107 168 
3742 1 74 112 80 138 157 108 168 
3743 1 73 116 78 138 157 108 166 
3744 1 71 118 77 137 159 107 166 
3745 1 63 127 73 132 159 107 166 
3746 1 66 123 70 139 159 107 165 
3747 1 64 125 71 140 159 107 164 
3748 1 67 123 71 140 159 107 165 
3749 1 66 122 74 136 159 107 166 
3750 1 62 125 79 133 159 107 166 
3751 1 63 124 81 132 159 107 166 
3752 1 64 121 82 132 157 107 167 
3753 1 69 123 80 133 157 107 165 
3754 1 74 119 78 134 159 107 167 
3755 1 70 120 71 137 159 107 166 
3756 1 69 118 68 134 159 107 168 
3757 1 66 115 65 134 158 107 169 
3758 1 65 114 67 132 159 107 170 
3759 1 68 113 70 131 159 107 170 
3760 1 64 115 73 130 159 107 170 
3761 1 65 116 81 126 158 107 170 
3762 1 65 115 82 126 158 107 171 
3763 1 64 117 79 130 158 107 169 
3764 1 68 115 71 131 158 107 169 
3765 1 71 111 68 129 158 107 171 
3766 1 67 110 67 125 158 107 173 
3767 1 70 109 65 125 158 107 173 
3768 1 66 112 67 125 158 107 173 
3769 1 67 112 74 126 159 107 172 
3770 1 65 113 77 125 158 107 172 
3771 1 66 114 79 125 157 107 171 
3772 1 63 121 77 130 156 108 168 
3773 1 72 114 74 132 156 108 169 
3774 1 70 115 78 132 156 108 169 
3775 1 68 114 67 129 160 107 171 
3776 1 65 113 64 129 159 107 171 
3777 1 62 114 65 130 159 107 171 
3778 1 62 116 67 132 160 107 169 
3779 1 63 114 69 131 159 107 170 
3780 1 64 120 74 127 159 108 170 
3781 1 66 115 75 127 159 108 171 
3782 1 68 118 76 129 159 108 170 
3783 1 66 122 77 129 159 109 169 
3784 1 61 128 75 129 159 108 167 
3785 1 62 126 69 132 159 108 167 
3786 1 60 122 66 131 159 107 168 
3787 1 60 120 67 130 159 107 169 
3788 1 58 121 66 132 158 108 169 
3789 1 58 123 65 132 158 108 168 
3790 1 60 119 65 133 159 108 169 
3791 1 60 119 67 131 159 108 169 
3792 1 61 118 72 128 159 108 170 
3793 1 60 126 74 129 159 109 168 
3794 1 55 132 75 131 159 109 166 
3795 1 57 131 73 133 159 109 166 
3796 1 59 132 69 135 159 109 165 
3797 1 58 125 66 135 159 109 167 
3798 1 61 125 63 135 159 109 167 
3799 1 61 124 64 136 159 109 167 
3800 1 60 128 70 133 159 109 167 
3801 1 58 131 76 131 159 109 166 
3802 1 59 131 77 131 159 109 166 
3803 1 62 127 76 134 159 109 166 
3804 1 61 132 72 137 159 111 166 
3805 1 59 132 65 136 159 111 166 
3806 1 58 129 64 137 159 111 167 
3807 1 63 135 66 138 159 111 165 
3808 1 61 126 67 137 160 111 168 
3809 1 65 130 67 137 160 111 166 
3810 1 63 126 64 138 160 111 167 
3811 1 64 123 59 142 158 110 167 
3812 1 67 121 58 141 158 111 168 
3813 1 72 115 68 135 156 111 170 
3814 1 72 114 69 136 157 111 170 
3815 1 71 114 69 135 158 111 171 
3816 1 69 115 69 134 158 110 171 
3817 1 68 114 69 135 158 110 171 
3818 1 65 118 68 135 158 110 170 
3819 1 64 118 68 134 159 110 170 
3820 1 63 120 68 135 159 110 169 
3821 1 64 119 68 137 159 110 169 
3822 1 70 117 66 139 159 110 168 
3823 1 73 115 69 138 159 110 169 
3824 1 74 116 69 137 158 110 169 
3825 1 73 114 66 138 158 111 170 
3826 1 72 118 66 138 158 110 168 
3827 1 63 119 69 135 158 110 169 
3828 1 60 122 65 133 159 109 169 
3829 1 62 128 65 137 159 109 166 
3830 1 62 128 66 138 160 110 166 
3831 1 65 129 65 140 160 110 165 
3832 1 63 125 67 142 159 110 166 
3833 1 70 122 66 143 159 110 166 
3834 1 70 119 70 142 158 110 167 
3835 1 70 122 74 140 158 111 166 
3836 1 68 123 73 140 158 111 167 
3837 1 65 126 73 142 158 110 164 
3838 1 66 126 72 142 160 110 165 
3839 1 66 125 74 140 160 110 166 
3840 1 65 126 74 141 160 110 165 
3841 1 68 125 75 140 160 110 166 
3842 1 65 127 73 142 160 110 165 
3843 1 63 130 74 141 160 110 164 
3844 1 63 130 78 139 160 110 165 
3845 1 64 130 81 138 160 110 164 
3846 1 68 128 81 135 160 110 166 
3847 1 68 126 82 134 160 110 166 
3848 1 71 123 76 138 160 110 167 
3849 1 70 126 73 145 160 110 164 
3850 1 70 126 68 147 160 110 164 
3851 1 64 126 65 147 160 110 164 
3852 1 63 126 64 147 159 110 164 
3853 1 67 127 63 146 159 110 164 
3854 1 64 126 64 145 159 109 164 
3855 1 63 126 66 145 159 109 164 
3856 1 67 120 66 141 158 109 167 
3857 1 67 118 69 139 158 110 168 
3858 1 66 122 71 139 158 110 167 
3859 1 65 121 71 138 158 110 168 
3860 1 61 123 71 135 159 110 168 
3861 1 61 127 70 137 159 110 166 
3862 1 63 124 66 140 160 110 167 
3863 1 68 124 69 138 160 110 167 
3864 1 65 124 68 137 160 109 167 
3865 1 65 122 70 135 160 109 168 
3866 1 63 120 73 132 159 108 168 
3867 1 63 118 74 131 159 108 170 
3868 1 67 115 74 132 159 109 171 
3869 1 66 115 70 133 158 109 170 
3870 1 63 118 68 137 158 108 168 
3871 1 65 119 66 136 159 109 169 
3872 1 67 116 67 134 159 110 170 
3873 1 64 117 67 133 160 109 170 
3874 1 67 118 68 133 160 109 170 
3875 1 68 119 68 135 160 109 168 
3876 1 67 117 67 135 158 109 169 
3877 1 70 114 68 130 159 109 171 
3878 1 71 112 74 128 158 109 172 
3879 1 72 111 72 129 158 110 173 
3880 1 75 107 70 131 158 110 174 
3881 1 70 111 72 130 158 110 173 
3882 1 65 111 70 127 158 110 174 
3883 1 66 113 69 131 158 110 172 
3884 1 66 112 71 131 159 110 173 
3885 1 66 108 69 132 160 109 173 
3886 1 65 112 67 137 160 109 170 
3887 1 59 114 63 139 158 109 170 
3888 1 57 120 63 139 157 109 168 
3889 1 55 123 61 138 156 108 167 
3890 1 63 115 64 136 157 108 169 
3891 1 63 113 66 138 158 108 169 
3892 1 64 112 70 141 159 108 168 
3893 1 65 114 66 141 160 107 168 
3894 1 59 121 61 141 158 107 166 
3895 1 58 122 57 142 156 107 165 
3896 1 60 122 58 139 157 107 166 
3897 1 61 117 65 138 158 108 168 
3898 1 66 115 76 151 159 108 164 
3899 1 64 115 71 147 160 107 165 
3900 1 60 121 64 141 159 107 166 
3901 1 54 125 57 142 157 107 165 
3902 1 55 123 57 140 156 107 166 
3903 1 58 121 59 138 157 108 168 
3904 1 64 114 67 139 160 108 169 
3905 1 62 116 70 140 160 107 167 
3906 1 61 120 69 141 160 107 166 
3907 1 62 124 63 142 160 106 164 
3908 1 57 128 61 142 157 107 164 
3909 1 57 128 60 141 157 108 165 
3910 1 62 123 62 139 158 108 166 
3911 1 65 120 75 153 160 109 163 
3912 1 69 115 74 157 160 110 163 
3913 1 65 118 67 146 160 107 165 
3914 1 59 124 62 143 159 107 165 
3915 1 59 127 58 142 157 107 164 
3916 1 58 124 61 138 157 107 166 
3917 1 61 124 63 138 158 107 165 
3918 1 62 123 69 143 160 107 164 
3919 1 64 120 83 156 160 111 162 
3920 1 63 120 72 154 160 108 162 
3921 1 58 123 63 143 158 107 165 
3922 1 56 124 54 141 156 107 166 
3923 1 62 121 56 139 156 107 166 
3924 1 61 124 63 140 157 107 165 
3925 1 64 126 73 136 160 107 165 
3926 1 64 125 77 136 160 107 165 
3927 1 69 119 72 139 160 107 166 
3928 1 64 123 65 140 160 107 165 
3929 1 58 127 59 141 157 107 164 
3930 1 62 123 61 138 158 107 166 
3931 1 65 121 68 132 160 107 168 
3932 1 68 115 73 127 160 107 171 
3933 1 72 113 77 127 160 107 171 
3934 1 73 114 79 129 160 107 170 
3935 1 74 112 72 131 160 107 170 
3936 1 73 114 69 134 160 107 169 
3937 1 72 115 74 131 160 107 169 
3938 1 72 113 75 129 160 107 170 
3939 1 80 111 72 132 160 107 170 
3940 1 79 112 71 134 160 107 169 
3941 1 77 108 67 134 160 106 170 
3942 1 78 109 68 132 160 106 170 
3943 1 78 109 69 133 160 107 170 
3944 1 77 110 76 133 160 107 170 
3945 1 78 112 74 140 160 107 167 
3946 1 72 114 66 139 160 108 168 
3947 1 66 118 64 137 160 108 168 
3948 1 68 116 65 134 160 108 169 
3949 1 70 115 72 129 160 108 171 
3950 1 73 116 77 127 160 108 171 
3951 1 70 118 84 128 160 108 169 
3952 1 73 114 86 131 160 108 170 
3953 1 76 112 82 135 160 108 169 
3954 1 76 115 75 148 160 108 164 
3955 1 75 111 68 146 160 108 167 
3956 1 64 117 60 140 160 107 167 
3957 1 62 122 58 140 157 107 166 
3958 1 60 123 57 142 157 107 165 
3959 1 58 128 56 142 156 107 164 
3960 1 67 123 62 141 158 107 165 
3961 1 72 116 69 136 160 107 168 
3962 1 73 115 71 134 160 108 169 
3963 1 72 116 75 134 160 108 168 
3964 1 71 118 78 133 160 108 168 
3965 1 73 116 80 133 160 108 169 
3966 1 73 115 78 136 160 107 168 
3967 1 71 117 73 138 160 106 166 
3968 1 72 115 71 137 160 106 167 
3969 1 70 115 67 136 160 106 168 
3970 1 73 114 70 135 160 106 168 
3971 1 75 113 71 136 160 106 168 
3972 1 75 114 71 136 160 106 167 
3973 1 75 112 74 135 160 107 169 
3974 1 76 109 75 134 160 107 170 
3975 1 75 112 75 133 160 107 169 
3976 1 72 116 73 133 160 107 169 
3977 1 68 120 76 135 160 107 167 
3978 1 67 123 76 136 160 107 166 
3979 1 68 123 78 135 160 107 165 
3980 1 70 121 80 133 160 107 166 
3981 1 70 119 80 132 160 107 168
